# Created by Octave 4.2.0-rc2, Mon Feb 20 14:09:26 2017 CST <ljm@liujianmeitekiMacBook-Air.local>
# name: InitialClassProb
# type: matrix
# rows: 1509
# columns: 3
 0.06910169258466549 0.5059630902968761 0.4249352171184583
 0.519976191138693 0.269267139714298 0.2107566691470091
 0.2526839286904108 0.3318684174906205 0.4154476538189688
 0.3052272065554438 0.1817321465693675 0.5130406468751886
 0.2099350191464079 0.6207688368586167 0.1692961439949755
 0.3316413549878206 0.2547400410652591 0.4136186039469202
 0.4480439880887342 0.1656090403789736 0.3863469715322922
 0.5336271644818604 0.3467167899871469 0.1196560455309927
 0.5527056927693927 0.06070782450632902 0.3865864827242782
 0.3114236526573482 0.2165084086276946 0.4720679387149571
 0.2616601065132123 0.6685600254873517 0.06977986799943599
 0.5222713030577523 0.3864304376957262 0.0912982592465216
 0.35559044748986 0.09484247530085371 0.5495670772092862
 0.4186160229451702 0.2275492196998198 0.3538347573550101
 0.2835620782209033 0.4266184460998722 0.2898194756792247
 0.429510294485909 0.4153515761670116 0.1551381293470794
 0.3734236958450833 0.4982456433104369 0.1283306608444798
 0.3910810574130324 0.1309523608257067 0.4779665817612609
 0.5217149089551242 0.1322761525728747 0.3460089384720011
 0.4567687266280189 0.4041686987682746 0.1390625746037065
 0.3233093940834562 0.3077669436715842 0.3689236622449595
 0.2331888622311104 0.3921403767380189 0.3746707610308708
 0.1048638990366167 0.7084999380119489 0.1866361629514343
 0.5117442432893724 0.2277649956686507 0.2604907610419769
 0.2394987457739824 0.2173276532026365 0.5431736010233811
 0.3076072057098289 0.1523341815437154 0.5400586127464556
 0.1978114683937988 0.4334711406668566 0.3687173909393446
 0.4568795561282116 0.06167034242932844 0.48145010144246
 0.3429488762062469 0.1031011557122659 0.5539499680814872
 0.2636873346821247 0.2675549847864486 0.4687576805314267
 0.2791621554670924 0.2663698532552866 0.454467991277621
 0.2521375302685409 0.2656978180969309 0.4821646516345282
 0.6419629343416757 0.01310353975618847 0.3449335259021358
 0.09689616424076221 0.2572229827310045 0.6458808530282333
 0.02447755565090995 0.6669817541656584 0.3085406901834317
 0.209023462100924 0.2476849838119879 0.5432915540870881
 0.06897507776375858 0.7041152257621417 0.2269096964740996
 0.6170451785432763 0.1556502139136352 0.2273046075430885
 0.3921363116894108 0.3987772050668805 0.2090864832437087
 0.2868612526552702 0.2938226617302461 0.4193160856144837
 0.3895237763934644 0.5135885078011939 0.09688771580534167
 0.6190851507752456 0.3198657422640589 0.06104910696069552
 0.359385354774643 0.5992151968642935 0.04139944836106359
 0.1468982628971632 0.1056148472383251 0.7474868898645117
 0.1753399748653506 0.3206086090864343 0.504051416048215
 0.1831192168774668 0.3296235209337761 0.4872572621887571
 0.6901329520377242 0.08590863432829743 0.2239584136339784
 0.2165669231721811 0.6731348177641044 0.1102982590637143
 0.6014129993368217 0.05567674007754626 0.342910260585632
 0.5114928659719982 0.1799256867816953 0.3085814472463067
 0.2895891454681135 0.4907949752203864 0.2196158793115001
 0.1000203170795638 0.4762777198226386 0.4237019630977976
 0.1108235009177131 0.2046600435636552 0.6845164555186317
 0.3294003580991646 0.3301784208103335 0.3404212210905019
 0.250636445356281 0.4259655490125183 0.3233980056312007
 0.3611589047710755 0.3892112990755531 0.2496297961533713
 0.01221742058568544 0.614037737132733 0.3737448422815816
 0.3964078019376348 0.4609475270881377 0.1426446709742276
 0.5179925936762926 0.3459668725029354 0.1360405338207721
 0.1644461197973039 0.6622058796507103 0.1733480005519858
 0.2905309405503285 0.4568390562150558 0.2526300032346157
 0.2804574624593779 0.452071578730272 0.2674709588103501
 0.5178948839226164 0.04059998590825183 0.4415051301691318
 0.1895741841195437 0.343393491842981 0.4670323240374753
 0.3908882935892061 0.2529498787511215 0.3561618276596724
 0.1025031915489427 0.4017496846030363 0.4957471238480211
 0.2559448596665317 0.462710858481102 0.2813442818523662
 0.4549496963243115 0.348015517611403 0.1970347860642855
 0.4159113030948972 0.2642039741102408 0.3198847227948621
 0.4176546105897428 0.0839470811237342 0.498398308286523
 0.2235725502862369 0.2182019074055214 0.5582255423082416
 0.4468246033903213 0.3533309601149063 0.1998444364947724
 0.0634777443202019 0.7849449860302224 0.1515772696495758
 0.4148838461953824 0.3756094204183693 0.2095067333862483
 0.3772218023940719 0.4909172662543451 0.131860931351583
 0.05215174613734823 0.1951868471353064 0.7526614067273454
 0.4009579697069148 0.06982299112234731 0.5292190391707379
 0.549943021717906 0.05169634257761328 0.3983606357044808
 0.3126789667691624 0.4014422529566653 0.2858787802741724
 0.4424161255446948 0.2226200277192151 0.3349638467360901
 0.2624434561794605 0.6782521126382655 0.05930443118227402
 0.4810424567570126 0.4408608050961219 0.07809673814686538
 0.4542664829769151 0.2151480341365652 0.3305854828865197
 0.4896721334193169 0.1585167602243409 0.3518111063563423
 0.2115012411951556 0.7781923151301835 0.01030644367466089
 0.4640693898665919 0.4554896297197046 0.08044098041370355
 0.2899136684848976 0.4338297915534683 0.2762565399616341
 0.5175195486493157 0.1995380687773011 0.2829423825733831
 0.5737116068027222 0.390370208074908 0.03591818512236998
 0.1836588320604304 0.3758610537148729 0.4404801142246967
 0.491592325087799 0.387746618140809 0.1206610567713918
 0.3723403256432445 0.2475546760830831 0.3801049982736724
 0.2680534979788282 0.1087264115598708 0.6232200904613011
 0.3200313540885136 0.4059981095106016 0.2739705364008849
 0.1192493147889308 0.30659236827714 0.574158316933929
 0.2319480526670768 0.3209148764733444 0.4471370708595787
 0.003737877092230197 0.384533256880922 0.6117288660268477
 0.1855218475927584 0.5298272021380872 0.2846509502691543
 0.2870646155898343 0.6107158155328012 0.1022195688773646
 0.1788749468733878 0.7235142702734687 0.09761078285314356
 0.5442879266205415 0.238921860797588 0.2167902125818705
 0.2757069231656731 0.1137146673383762 0.6105784094959508
 0.3766686742150084 0.2431705312451088 0.3801607945398828
 0.1383809843382002 0.5117526693702379 0.3498663462915619
 0.5089908059145909 0.2553870432974449 0.2356221507879642
 0.3626331749635523 0.191232550724989 0.4461342743114587
 0.4732932050441793 0.4372054173836661 0.08950137757215458
 0.09425685252268899 0.3326841697353134 0.5730589777419975
 0.2126533009472753 0.3274474829675616 0.4598992160851631
 0.2948097451649638 0.2023282523883037 0.5028620024467325
 0.1533783018767681 0.4334016906661833 0.4132200074570487
 0.4311595503362707 0.3315886914372814 0.237251758226448
 0.4130944041730468 0.2118642780596133 0.3750413177673399
 0.2612459555230632 0.4594413303344859 0.279312714142451
 0.2045183268236546 0.1356798902439139 0.6598017829324315
 0.7133454820649617 0.05729403802528338 0.2293604799097548
 0.3755387996546908 0.2395494992975391 0.3849117010477701
 0.03440519053382788 0.5461871200753899 0.4194076893907822
 0.5649893117501208 0.2057920623406789 0.2292186259092002
 0.364435868364508 0.3086015199462017 0.3269626116892904
 0.3001142829265704 0.04810170834100722 0.6517840087324224
 0.07497883028976179 0.4712332625600069 0.4537879071502313
 0.7337912799884073 0.1488955031059271 0.1173132169056656
 0.4203539892494758 0.3992350989997761 0.180410911750748
 0.866105179442514 0.01636871373506282 0.1175261068224233
 0.5827688000562802 0.2631741101568467 0.1540570897868731
 0.242877642005188 0.1911443346310163 0.5659780233637958
 0.3120073621709764 0.3746126572723816 0.3133799805566419
 0.305335575441237 0.3049580116286197 0.3897064129301432
 0.1441567246843403 0.4759957056573898 0.3798475696582699
 0.06023605279656619 0.6773888457306922 0.2623751014727415
 0.374684779059254 0.04166552267029743 0.5836496982704485
 0.3917098649427408 0.4937133700298917 0.1145767650273674
 0.4733234221687805 0.09013979685146299 0.4365367809797566
 0.119901945184735 0.1303414390935328 0.7497566157217321
