# Created by Octave 4.2.0-rc2, Mon Feb 20 14:09:26 2017 CST <ljm@liujianmeitekiMacBook-Air.local>
# name: InitialClassProb
# type: matrix
# rows: 1509
# columns: 3
 0.06910169258466549 0.5059630902968761 0.4249352171184583
 0.519976191138693 0.269267139714298 0.2107566691470091
 0.2526839286904108 0.3318684174906205 0.4154476538189688
 0.3052272065554438 0.1817321465693675 0.5130406468751886
 0.2099350191464079 0.6207688368586167 0.1692961439949755
 0.3316413549878206 0.2547400410652591 0.4136186039469202
 0.4480439880887342 0.1656090403789736 0.3863469715322922
 0.5336271644818604 0.3467167899871469 0.1196560455309927
 0.5527056927693927 0.06070782450632902 0.3865864827242782
 0.3114236526573482 0.2165084086276946 0.4720679387149571
 0.2616601065132123 0.6685600254873517 0.06977986799943599
 0.5222713030577523 0.3864304376957262 0.0912982592465216
 0.35559044748986 0.09484247530085371 0.5495670772092862
 0.4186160229451702 0.2275492196998198 0.3538347573550101
 0.2835620782209033 0.4266184460998722 0.2898194756792247
 0.429510294485909 0.4153515761670116 0.1551381293470794
 0.3734236958450833 0.4982456433104369 0.1283306608444798
 0.3910810574130324 0.1309523608257067 0.4779665817612609
 0.5217149089551242 0.1322761525728747 0.3460089384720011
 0.4567687266280189 0.4041686987682746 0.1390625746037065
 0.3233093940834562 0.3077669436715842 0.3689236622449595
 0.2331888622311104 0.3921403767380189 0.3746707610308708
 0.1048638990366167 0.7084999380119489 0.1866361629514343
 0.5117442432893724 0.2277649956686507 0.2604907610419769
 0.2394987457739824 0.2173276532026365 0.5431736010233811
 0.3076072057098289 0.1523341815437154 0.5400586127464556
 0.1978114683937988 0.4334711406668566 0.3687173909393446
 0.4568795561282116 0.06167034242932844 0.48145010144246
 0.3429488762062469 0.1031011557122659 0.5539499680814872
 0.2636873346821247 0.2675549847864486 0.4687576805314267
 0.2791621554670924 0.2663698532552866 0.454467991277621
 0.2521375302685409 0.2656978180969309 0.4821646516345282
 0.6419629343416757 0.01310353975618847 0.3449335259021358
 0.09689616424076221 0.2572229827310045 0.6458808530282333
 0.02447755565090995 0.6669817541656584 0.3085406901834317
 0.209023462100924 0.2476849838119879 0.5432915540870881
 0.06897507776375858 0.7041152257621417 0.2269096964740996
 0.6170451785432763 0.1556502139136352 0.2273046075430885
 0.3921363116894108 0.3987772050668805 0.2090864832437087
 0.2868612526552702 0.2938226617302461 0.4193160856144837
 0.3895237763934644 0.5135885078011939 0.09688771580534167
 0.6190851507752456 0.3198657422640589 0.06104910696069552
 0.359385354774643 0.5992151968642935 0.04139944836106359
 0.1468982628971632 0.1056148472383251 0.7474868898645117
 0.1753399748653506 0.3206086090864343 0.504051416048215
 0.1831192168774668 0.3296235209337761 0.4872572621887571
 0.6901329520377242 0.08590863432829743 0.2239584136339784
 0.2165669231721811 0.6731348177641044 0.1102982590637143
 0.6014129993368217 0.05567674007754626 0.342910260585632
 0.5114928659719982 0.1799256867816953 0.3085814472463067
 0.2895891454681135 0.4907949752203864 0.2196158793115001
 0.1000203170795638 0.4762777198226386 0.4237019630977976
 0.1108235009177131 0.2046600435636552 0.6845164555186317
 0.3294003580991646 0.3301784208103335 0.3404212210905019
 0.250636445356281 0.4259655490125183 0.3233980056312007
 0.3611589047710755 0.3892112990755531 0.2496297961533713
 0.01221742058568544 0.614037737132733 0.3737448422815816
 0.3964078019376348 0.4609475270881377 0.1426446709742276
 0.5179925936762926 0.3459668725029354 0.1360405338207721
 0.1644461197973039 0.6622058796507103 0.1733480005519858
 0.2905309405503285 0.4568390562150558 0.2526300032346157
 0.2804574624593779 0.452071578730272 0.2674709588103501
 0.5178948839226164 0.04059998590825183 0.4415051301691318
 0.1895741841195437 0.343393491842981 0.4670323240374753
 0.3908882935892061 0.2529498787511215 0.3561618276596724
 0.1025031915489427 0.4017496846030363 0.4957471238480211
 0.2559448596665317 0.462710858481102 0.2813442818523662
 0.4549496963243115 0.348015517611403 0.1970347860642855
 0.4159113030948972 0.2642039741102408 0.3198847227948621
 0.4176546105897428 0.0839470811237342 0.498398308286523
 0.2235725502862369 0.2182019074055214 0.5582255423082416
 0.4468246033903213 0.3533309601149063 0.1998444364947724
 0.0634777443202019 0.7849449860302224 0.1515772696495758
 0.4148838461953824 0.3756094204183693 0.2095067333862483
 0.3772218023940719 0.4909172662543451 0.131860931351583
 0.05215174613734823 0.1951868471353064 0.7526614067273454
 0.4009579697069148 0.06982299112234731 0.5292190391707379
 0.549943021717906 0.05169634257761328 0.3983606357044808
 0.3126789667691624 0.4014422529566653 0.2858787802741724
 0.4424161255446948 0.2226200277192151 0.3349638467360901
 0.2624434561794605 0.6782521126382655 0.05930443118227402
 0.4810424567570126 0.4408608050961219 0.07809673814686538
 0.4542664829769151 0.2151480341365652 0.3305854828865197
 0.4896721334193169 0.1585167602243409 0.3518111063563423
 0.2115012411951556 0.7781923151301835 0.01030644367466089
 0.4640693898665919 0.4554896297197046 0.08044098041370355
 0.2899136684848976 0.4338297915534683 0.2762565399616341
 0.5175195486493157 0.1995380687773011 0.2829423825733831
 0.5737116068027222 0.390370208074908 0.03591818512236998
 0.1836588320604304 0.3758610537148729 0.4404801142246967
 0.491592325087799 0.387746618140809 0.1206610567713918
 0.3723403256432445 0.2475546760830831 0.3801049982736724
 0.2680534979788282 0.1087264115598708 0.6232200904613011
 0.3200313540885136 0.4059981095106016 0.2739705364008849
 0.1192493147889308 0.30659236827714 0.574158316933929
 0.2319480526670768 0.3209148764733444 0.4471370708595787
 0.003737877092230197 0.384533256880922 0.6117288660268477
 0.1855218475927584 0.5298272021380872 0.2846509502691543
 0.2870646155898343 0.6107158155328012 0.1022195688773646
 0.1788749468733878 0.7235142702734687 0.09761078285314356
 0.5442879266205415 0.238921860797588 0.2167902125818705
 0.2757069231656731 0.1137146673383762 0.6105784094959508
 0.3766686742150084 0.2431705312451088 0.3801607945398828
 0.1383809843382002 0.5117526693702379 0.3498663462915619
 0.5089908059145909 0.2553870432974449 0.2356221507879642
 0.3626331749635523 0.191232550724989 0.4461342743114587
 0.4732932050441793 0.4372054173836661 0.08950137757215458
 0.09425685252268899 0.3326841697353134 0.5730589777419975
 0.2126533009472753 0.3274474829675616 0.4598992160851631
 0.2948097451649638 0.2023282523883037 0.5028620024467325
 0.1533783018767681 0.4334016906661833 0.4132200074570487
 0.4311595503362707 0.3315886914372814 0.237251758226448
 0.4130944041730468 0.2118642780596133 0.3750413177673399
 0.2612459555230632 0.4594413303344859 0.279312714142451
 0.2045183268236546 0.1356798902439139 0.6598017829324315
 0.7133454820649617 0.05729403802528338 0.2293604799097548
 0.3755387996546908 0.2395494992975391 0.3849117010477701
 0.03440519053382788 0.5461871200753899 0.4194076893907822
 0.5649893117501208 0.2057920623406789 0.2292186259092002
 0.364435868364508 0.3086015199462017 0.3269626116892904
 0.3001142829265704 0.04810170834100722 0.6517840087324224
 0.07497883028976179 0.4712332625600069 0.4537879071502313
 0.7337912799884073 0.1488955031059271 0.1173132169056656
 0.4203539892494758 0.3992350989997761 0.180410911750748
 0.866105179442514 0.01636871373506282 0.1175261068224233
 0.5827688000562802 0.2631741101568467 0.1540570897868731
 0.242877642005188 0.1911443346310163 0.5659780233637958
 0.3120073621709764 0.3746126572723816 0.3133799805566419
 0.305335575441237 0.3049580116286197 0.3897064129301432
 0.1441567246843403 0.4759957056573898 0.3798475696582699
 0.06023605279656619 0.6773888457306922 0.2623751014727415
 0.374684779059254 0.04166552267029743 0.5836496982704485
 0.3917098649427408 0.4937133700298917 0.1145767650273674
 0.4733234221687805 0.09013979685146299 0.4365367809797566
 0.119901945184735 0.1303414390935328 0.7497566157217321
 0.4431616821764173 0.3176867949849049 0.2391515228386779
 0.483177233374388 0.03859553025979547 0.4782272363658165
 0.5023046020316743 0.07958620466627159 0.418109193302054
 0.1777196964149566 0.05438045349779957 0.7678998500872438
 0.3767531895263565 0.08552005106644815 0.5377267594071954
 0.08214039645537824 0.3148886547114966 0.6029709488331251
 0.1944419806025037 0.4508768967163207 0.3546811226811756
 0.1482593656564045 0.1275513613059767 0.7241892730376188
 0.4597220569914194 0.2589945741596395 0.2812833688489411
 0.3344651058733623 0.3441479749581175 0.3213869191685202
 0.2591143101545433 0.5977109879639578 0.1431747018814988
 0.08595003363008406 0.1648824911397561 0.7491674752301598
 0.740620196140065 0.1955787130230028 0.06380109083693222
 0.3312202028985657 0.3793466184787095 0.2894331786227247
 0.807430453623412 0.1043948961380388 0.0881746502385493
 0.1150493638114675 0.08367943201358492 0.8012712041749476
 0.5589881285258604 0.07502021297250597 0.3659916585016337
 0.05359546302816078 0.310271898315141 0.6361326386566982
 0.07095016577331031 0.4737820356623717 0.455267798564318
 0.5987236057299188 0.0785649403806773 0.322711453889404
 0.2386213528636037 0.1593613624764647 0.6020172846599317
 0.1132165605187248 0.3202469809655489 0.5665364585157262
 0.8056821724685732 0.05010316137218893 0.1442146661592377
 0.1943191554659054 0.2015911666121292 0.6040896779219653
 0.3974908522366861 0.4214515668971516 0.1810575808661623
 0.2061587504594527 0.4057178617750508 0.3881233877654966
 0.4831929729720715 0.3754193609945876 0.1413876660333409
 0.4005766395140855 0.3412420595624067 0.2581813009235077
 0.3038368330519922 0.335435936885095 0.3607272300629127
 0.1596193940001618 0.1894905830340657 0.6508900229657725
 0.3672821242091914 0.1344016092234842 0.4983162665673244
 0.3271094065187204 0.6387845421138233 0.03410605136745632
 0.03537002052220399 0.8978909978676194 0.06673898161017669
 0.1025120162949537 0.3952620993313748 0.5022258843736714
 0.0677021975135202 0.4080417079397769 0.524256094546703
 0.4156978601733458 0.172512233804328 0.4117899060223263
 0.6347850199123486 0.3086493976230664 0.05656558246458505
 0.15191725411772 0.458765412117003 0.3893173337652771
 0.3262914339269933 0.409150146186897 0.2645584198861097
 0.7834250680365982 0.07814263522651414 0.1384322967368877
 0.0103702332693037 0.4495401271305537 0.5400896396001427
 0.3785182096002031 0.3835946603353559 0.237887130064441
 0.2255358970804043 0.4053930254172472 0.3690710775023485
 0.3832007273033676 0.0949471118588122 0.52185216083782
 0.0278098265313779 0.3401567071766786 0.6320334662919436
 0.2950324211224926 0.280106029243963 0.4248615496335444
 0.2761962946735064 0.3418437446008422 0.3819599607256513
 0.1487340353434032 0.415899519572045 0.4353664450845518
 0.4080130115634779 0.1756614369354413 0.4163255515010809
 0.5037578564596671 0.4391961893382291 0.05704595420210376
 0.2141469449443824 0.6588710940118829 0.1269819610437347
 0.6436572229365948 0.1920587937024525 0.1642839833609528
 0.3205220687028548 0.5941213212021743 0.08535661009497091
 0.4779426576405347 0.2182519033044379 0.3038054390550273
 0.4508440200592326 0.05893624545164814 0.4902197344891193
 0.4065283936138377 0.4065490114083744 0.1869225949777881
 0.7428409168579422 0.2176636569056645 0.03949542623639322
 0.4146995181125837 0.1114368002154303 0.4738636816719861
 0.2194277949924425 0.7152124804809571 0.06535972452660044
 0.0439660578965429 0.5536905984049756 0.4023433436984816
 0.4847661765457205 0.3903617843717894 0.1248720390824901
 0.8076923675897416 0.1321652256743362 0.06014240673592225
 0.2802225801586286 0.5262523157397362 0.1935251041016351
 0.4489974289136144 0.2102476219071224 0.3407549491792633
 0.1389004567681928 0.6717090710019609 0.1893904722298464
 0.481014720347965 0.3670211510965461 0.1519641285554889
 0.2947096601827505 0.3473749185186647 0.3579154212985848
 0.4869375795378577 0.384042211142243 0.1290202093198993
 0.4426968106533505 0.5104786945927724 0.04682449475387711
 0.2232178637467057 0.1616054830690862 0.6151766531842082
 0.3073559083961234 0.1908278163280308 0.5018162752758458
 0.4826506195846761 0.3788894411677027 0.1384599392476213
 0.682462038261944 0.2585797220833396 0.05895823965471641
 0.3128718884815911 0.4636288975245776 0.2234992139938312
 0.1253030438747464 0.6245651682912944 0.2501317878339593
 0.3208582644087653 0.6470222522635442 0.03211948332769042
 0.4428484796794875 0.119115150545472 0.4380363697750403
 0.6177657419045287 0.01429862143104269 0.3679356366644286
 0.2327278592078127 0.5094391206856517 0.2578330201065357
 0.3466383132438501 0.3873627646803573 0.2659989220757926
 0.173093645861545 0.294244547393392 0.532661806745063
 0.3925776034227809 0.390885364426817 0.2165370321504021
 0.4960473694209701 0.0006678150857072197 0.5032848154933227
 0.2026396094198669 0.1632829782613528 0.6340774123187801
 0.4546884176723483 0.2338316566512167 0.311479925676435
 0.3843125130582719 0.5553372695622166 0.06035021737951157
 0.08914599758772575 0.380850646353963 0.5300033560583113
 0.07738655373831606 0.3832971959744785 0.5393162502872054
 0.2713742765010952 0.4868502884011804 0.2417754350977244
 0.3642237361631375 0.07061997684619141 0.565156286990671
 0.4847974716264716 0.3974077157932024 0.117794812580326
 0.3335208524491354 0.4460373821542795 0.2204417653965852
 0.3867226772773273 0.4010838957008831 0.2121934270217896
 0.3229441457101005 0.04410919588495164 0.6329466584049478
 0.1609543227578261 0.1344742687588835 0.7045714084832904
 0.3737989802553401 0.2766616558030077 0.3495393639416522
 0.3844664881608224 0.1139035343489429 0.5016299774902346
 0.3919481120718564 0.3962665372863339 0.2117853506418096
 0.2271659154523816 0.3380714603914721 0.4347626241561464
 0.3813607476865327 0.3829917036227863 0.235647548690681
 0.3482372040693719 0.4370436903210659 0.2147191056095621
 0.1457300477819569 0.5107373785253086 0.3435325736927345
 0.3509746388026567 0.09416643450049615 0.5548589266968471
 0.3826081525616722 0.1806917617090611 0.4367000857292665
 0.8171877349256228 0.08079077327590878 0.1020214917984685
 0.01829658266732563 0.2870110625749244 0.6946923547577499
 0.497995413173693 0.005419106227927379 0.4965854805983796
 0.1554550546579083 0.1061270482900818 0.7384178970520099
 0.3078333222505824 0.3699587082598515 0.3222079694895661
 0.6258714309539702 0.2674483816338163 0.1066801874122136
 0.1046303783499658 0.5682379955341299 0.3271316261159044
 0.3492643454730541 0.3622902938504139 0.288445360676532
 0.4788741211130265 0.2492178215537047 0.2719080573332688
 0.4376054829901918 0.1800907313028753 0.3823037857069329
 0.435117146219422 0.2456140659765464 0.3192687878040313
 0.2027092817407379 0.3759925677288357 0.4212981505304264
 0.06909526958975087 0.7316938219856057 0.1992109084246434
 0.4916379962692288 0.02014319740706488 0.4882188063237064
 0.3511088625496957 0.6249838949554625 0.02390724249484182
 0.3291007637457972 0.1078201666758196 0.5630790695783832
 0.3825544781335607 0.3093706823314158 0.3080748395350235
 0.1653448042392219 0.3915289838752673 0.4431262118855107
 0.2050236029820202 0.6239141035169127 0.1710622935010672
 0.04499085434833647 0.4477286297537383 0.5072805158979253
 0.3475309473681612 0.2151442846241272 0.4373247680077115
 0.4250918975981821 0.3194906476863622 0.2554174547154558
 0.3643725710088584 0.3855312759349651 0.2500961530561765
 0.05322550053332053 0.450274675486654 0.4964998239800255
 0.2529099886151649 0.1113453663030506 0.6357446450817844
 0.3711645316096551 0.3719437790556245 0.2568916893347205
 0.3306257751644897 0.2686760870596103 0.4006981377759
 0.2038949392120203 0.2875165841900705 0.5085884765979093
 0.2944813333269146 0.1935323074240794 0.511986359249006
 0.3526687915641276 0.1974971311997428 0.4498340772361296
 0.4429165796483773 0.419976260216644 0.1371071601349786
 0.1209193464490885 0.7358826287457613 0.1431980248051501
 0.2681632285696078 0.4219043377608506 0.3099324336695415
 0.4534644176478649 0.303070188573749 0.243465393778386
 0.6134485832634077 0.2328051459330291 0.153746270803563
 0.07166414147969145 0.4592090295900231 0.4691268289302855
 0.4490404086916907 0.4496722643807953 0.1012873269275142
 0.5477849092578794 0.1088168296892626 0.3433982610528581
 0.3189843077517137 0.6502762456162884 0.03073944663199794
 0.401189673220202 0.3638571990108125 0.2349531277689854
 0.2727392690478075 0.2405254108912755 0.486735320060917
 0.3332630490659118 0.2637795449249892 0.402957406009099
 0.3103970345300852 0.0364402886195423 0.6531626768503723
 0.07998762818621674 0.6066876049711227 0.3133247668426606
 0.3124003593702229 0.3828782208786583 0.3047214197511187
 0.5258169291987339 0.01569348682826161 0.4584895839730045
 0.2947600338042576 0.4658316452115867 0.2394083209841557
 0.2593224914106017 0.686911661708503 0.0537658468808952
 0.08317196458965213 0.3828525656411684 0.5339754697691795
 0.4135044709961974 0.4036140946270845 0.1828814343767181
 0.2253219690297251 0.4133767212255937 0.3613013097446812
 0.4568671464542317 0.1714293257763596 0.3717035277694088
 0.617925470122595 0.2513147973629131 0.1307597325144918
 0.4145718877422848 0.1672662111416894 0.4181619011160258
 0.2431704303326001 0.01448017460613675 0.7423493950612631
 0.0716710869023406 0.3558724242663792 0.5724564888312802
 0.4148076469240921 0.1772510864962097 0.4079412665796981
 0.5263917870945444 0.2642109166468491 0.2093972962586066
 0.5527776344424944 0.3351151894201562 0.1121071761373495
 0.0934230131641753 0.479818988072327 0.4267579987634977
 0.1167333557677742 0.5347860202741219 0.3484806239581039
 0.370328880313315 0.1286625989496458 0.5010085207370393
 0.5786590567969058 0.001840859494964286 0.4195000837081299
 0.2690181473184555 0.2053943318294643 0.5255875208520803
 0.1961770893546312 0.7173200607100083 0.08650284993536055
 0.5617603328523257 0.2566839675297586 0.1815556996179157
 0.1785658255939772 0.2182429594803652 0.6031912149256576
 0.02062462565993509 0.4003482943084641 0.5790270800316006
 0.07484406849429949 0.6479927859993415 0.2771631455063589
 0.1742618234476023 0.423736684023207 0.4020014925291906
 0.09052648711095453 0.02818708874669882 0.8812864241423466
 0.2336277792105518 0.2797728091448252 0.486599411644623
 0.4524790500493515 0.4110688110842576 0.1364521388663909
 0.2241856718276912 0.2871060429768629 0.488708285195446
 0.4739050908009226 0.09757958885936531 0.4285153203397121
 0.01573557431449459 0.5721931389206703 0.4120712867648352
 0.3310472875432557 0.4716796268391199 0.1972730856176244
 0.2213217320050695 0.6793154059873271 0.0993628620076034
 0.2930266920549782 0.5257902426800867 0.1811830652649352
 0.506740233045386 0.3190742321686564 0.1741855347859576
 0.423070902423357 0.1521950180390093 0.4247340795376339
 0.01901581118930103 0.3525730639463031 0.6284111248643958
 0.5443710779372313 0.2781731038028828 0.1774558182598859
 0.2694468841604819 0.35654563518855 0.3740074806509681
 0.06925814319893574 0.1001280244851379 0.8306138323159264
 0.4685279503204418 0.2032277380420666 0.3282443116374916
 0.1438250485941418 0.4086645999600242 0.447510351445834
 0.08926397580555513 0.6432046645069875 0.2675313596874574
 0.2567986058984014 0.4326232402402514 0.3105781538613471
 0.1636541182694853 0.3604797816139637 0.4758661001165511
 0.353625846340773 0.02096719585075562 0.6254069578084713
 0.3460330438779155 0.1406656630857819 0.5133012930363027
 0.1651015334899287 0.3363199897097581 0.4985784768003132
 0.02389692772843608 0.4689066505298909 0.507196421741673
 0.01148543639560123 0.6267238894559852 0.3617906741484135
 0.0826394345003683 0.01602673588748303 0.9013338296121487
 0.303333227982138 0.2725658005216626 0.4241009714961995
 0.2837211543992272 0.2709514897686861 0.4453273558320867
 0.4592770077832082 0.4487884921960627 0.09193450002072902
 0.3040624231605333 0.4740780407700347 0.221859536069432
 0.08363383229447044 0.4590564730265998 0.4573096946789298
 0.280019258852175 0.4998414681045621 0.220139273043263
 0.229526838105554 0.4598811556804676 0.3105920062139784
 0.07027855195562234 0.5714235698829869 0.3582978781613907
 0.4091548103869074 0.07574437458685387 0.5151008150262386
 0.575049415841806 0.3894859087379215 0.03546467542027239
 0.3017459053002237 0.2469183270065402 0.451335767693236
 0.2648261834038707 0.3719374725522722 0.3632363440438572
 0.2896882600561579 0.2819613658538675 0.4283503740899747
 0.366113663264114 0.494004590727316 0.1398817460085701
 0.4103159132219167 0.2964062983128891 0.2932777884651941
 0.5224855694236555 0.2005801927861849 0.2769342377901595
 0.6390826093857306 0.05503893264567342 0.305878457968596
 0.4495137610684276 0.2100659109980958 0.3404203279334767
 0.106744300459279 0.4132067986970242 0.4800489008436968
 0.2150839920638414 0.1528347582513624 0.6320812496847961
 0.4156717059329677 0.4818864270379522 0.1024418670290801
 0.4205119035754671 0.1306523849877615 0.4488357114367714
 0.4144302298454004 0.3580461000720004 0.2275236700825991
 0.3031772966650281 0.3113885788411536 0.3854341244938184
 0.3181669086487083 0.1611838326535307 0.520649258697761
 0.4081811518615562 0.200326845028798 0.3914920031096459
 0.3663846421700026 0.1421385326445925 0.491476825185405
 0.3215881313830853 0.3002093467336565 0.3782025218832583
 0.4167875882803292 0.1036821209297786 0.4795302907898921
 0.4784658998046832 0.09628472340374626 0.4252493767915705
 0.2487540002156439 0.4210123831923774 0.3302336165919786
 0.3609174639387086 0.2190486236511236 0.4200339124101679
 0.3468288559418054 0.4724067735833316 0.180764370474863
 0.2548955714360471 0.4011455764423815 0.3439588521215715
 0.2472602833658281 0.2791681919920058 0.4735715246421662
 0.2081812005491279 0.05235205582045803 0.739466743630414
 0.3900670133254364 0.2266234532030329 0.3833095334715307
 0.03936202793534448 0.6169468102527239 0.3436911618119316
 0.1198648755673651 0.5508630232461947 0.3292721011864401
 0.09314237152637905 0.5022789185657155 0.4045787099079055
 0.4695797192595748 0.2772399965375906 0.2531802842028347
 0.345359193076593 0.3122878651447109 0.342352941778696
 0.2290066106531214 0.5468789214112111 0.2241144679356676
 0.3557924893137129 0.3899578135953106 0.2542496970909765
 0.4365250729694205 0.07526744846877056 0.488207478561809
 0.4650611702956174 0.1207073127657891 0.4142315169385936
 0.1131433029321519 0.5548319740482912 0.3320247230195569
 0.5276161614130006 0.3093214808950702 0.1630623576919292
 0.1309379016945873 0.3455459858275686 0.523516112477844
 0.3945751415528514 0.598572975405562 0.006851883041586594
 0.4602965496373248 0.3443249958210071 0.1953784545416682
 0.4548991061406693 0.3908294651764289 0.1542714286829019
 0.3548088325784127 0.2008102074995153 0.4443809599220719
 0.2187338041582431 0.3719731579030562 0.4092930379387008
 0.6017550008955591 0.04373508560281487 0.3545099135016261
 0.1078006575536619 0.3760602560496449 0.5161390863966931
 0.7860556838418385 0.1908297408287344 0.02311457532942723
 0.4842358629838653 0.05241703800018808 0.4633470990159466
 0.4344212512228501 0.3924957997780816 0.1730829489990683
 0.3013793828297726 0.546529104577151 0.1520915125930765
 0.4412370629018345 0.01764320201579136 0.5411197350823742
 0.7364965810305475 0.2100331439576293 0.05347027501182326
 0.4950360776580151 0.3880223033767892 0.1169416189651958
 0.3609054848257788 0.3164139902767168 0.3226805248975045
 0.3403554870330777 0.1042435860181365 0.5554009269487857
 0.6428464676107963 0.04234588517057378 0.3148076472186299
 0.1374450352775267 0.1398173954914431 0.7227375692310302
 0.6689310410990084 0.2549951562998614 0.07607380260113045
 0.4929115397720063 0.1582703093699629 0.3488181508580308
 0.2145896754897353 0.3352109646858454 0.4501993598244194
 0.4103624162664223 0.2507596269339474 0.3388779567996303
 0.1323826471812678 0.4083627758275108 0.4592545769912215
 0.6203574134566764 0.2635638089530165 0.1160787775903071
 0.1347266257550871 0.4125548512428655 0.4527185230020475
 0.2460734421862534 0.7349320060758749 0.01899455173787156
 0.05074372360202959 0.5276898846398785 0.4215663917580919
 0.06811907755884301 0.3015830476427772 0.6302978747983797
 0.4349345871827569 0.09309504911741075 0.4719703636998324
 0.4086747969166136 0.399808281668824 0.1915169214145625
 0.3995083265089287 0.4407676222937323 0.159724051197339
 0.1460694177314428 0.3109765182180789 0.5429540640504783
 0.3250719606987075 0.442810603910968 0.2321174353903245
 0.6260827704854159 0.1323859809138962 0.2415312486006878
 0.3241068461225803 0.3350797116748795 0.3408134422025401
 0.3867141713672838 0.4548388822482188 0.1584469463844974
 0.4709888658923151 0.3004202341263025 0.2285908999813824
 0.5874888250045963 0.2728320234475939 0.1396791515478097
 0.2833270509302852 0.3218254247537388 0.3948475243159759
 0.2418202642395617 0.14944772720228 0.6087320085581582
 0.2225955135750391 0.04334468478615062 0.7340598016388103
 0.1908063778877671 0.1788265923333082 0.6303670297789246
 0.1825923839295025 0.0259499328070374 0.7914576832634601
 0.2510321998945267 0.3727362065705905 0.3762315935348828
 0.4896954143956909 0.122756042333989 0.3875485432703201
 0.4239985537104478 0.1242618964676935 0.4517395498218586
 0.3314556849550639 0.0628476927548067 0.6056966222901293
 0.2639797126976124 0.6928514887018805 0.04316879860050715
 0.4179330300762227 0.2669729162021193 0.3150940537216582
 0.1632851104605505 0.06950026539375354 0.767214624145696
 0.1335359030295315 0.09519687808396482 0.7712672188865036
 0.03884281223357324 0.1055645664649982 0.8555926213014285
 0.5517281803818024 0.01193815187565309 0.4363336677425446
 0.4193736036673379 0.1585011123023324 0.4221252840303297
 0.6419315647874467 0.2159995538628377 0.1420688813497157
 0.2969509879722763 0.2940469358671822 0.4090020761605417
 0.3660491407696815 0.4290058433447909 0.2049450158855277
 0.4120306283724507 0.3329641049345287 0.2550052666930205
 0.554035714157545 0.1703881217804039 0.275576164062051
 0.3649194952274564 0.4766182549046704 0.1584622498678732
 0.1032460392509789 0.3758249515952806 0.5209290091537406
 0.2048217579216569 0.4065342180073959 0.3886440240709471
 0.5266325158323267 0.05953122461073829 0.4138362595569349
 0.6020667850525183 0.06643945469941939 0.3314937602480622
 0.3741818291707951 0.1042103778237657 0.5216077930054392
 0.3613518202681505 0.1999233639728839 0.4387248157589657
 0.08821503269240004 0.2018729660224944 0.7099120012851057
 0.1136508238593455 0.5246354917918239 0.3617136843488307
 0.4332786891681534 0.1994223436875459 0.3672989671443005
 0.3413985706710783 0.528337398842756 0.1302640304861657
 0.1826718000797046 0.3980838755839969 0.4192443243362986
 0.3723978661384857 0.3942033747165218 0.2333987591449926
 0.4834046874902205 0.2685871097473329 0.2480082027624466
 0.2166289446048559 0.4339716802376524 0.3493993751574917
 0.5165225389354492 0.3324085076665864 0.1510689533979645
 0.3940231619283319 0.2154934096126364 0.3904834284590317
 0.3492009429062184 0.3689410674618576 0.281857989631924
 0.3671565924535088 0.1335650701412869 0.4992783374052044
 0.5366671847066473 0.4224384742977283 0.04089434099562432
 0.4828395385630284 0.3541896781751807 0.162970783261791
 0.08863781248596707 0.4333276613737018 0.4780345261403312
 0.1778377325825284 0.4158257171479685 0.4063365502695032
 0.1878910230062266 0.3308500773134145 0.481258899680359
 0.1761754130780268 0.4985302888975472 0.3252942980244258
 0.2805755868024527 0.3568442711186444 0.3625801420789029
 0.01137536673325992 0.7279824085273222 0.2606422247394179
 0.6391032617420582 0.05877992258594263 0.3021168156719992
 0.4941998228441719 0.2867527232830661 0.2190474538727621
 0.3375217870317128 0.02286221752078594 0.6396159954475013
 0.08398809649406434 0.3155586505776928 0.6004532529282428
 0.2159893371832503 0.1885634108558915 0.5954472519608582
 0.1973818189036444 0.0389186558525307 0.7636995252438249
 0.4762990518568687 0.518182565563162 0.005518382579969341
 0.5316861276119081 0.18431472785758 0.2839991445305119
 0.2720970621670396 0.4123618751644166 0.3155410626685438
 0.4759914118131471 0.0232223962396795 0.5007861919471734
 0.5034344362216463 0.3840181819494183 0.1125473818289354
 0.1677754552925951 0.4268260806184662 0.4053984640889386
 0.05824440892728826 0.4737674754551369 0.4679881156175749
 0.3009640321738644 0.4490309279208177 0.250005039905318
 0.2851443745483661 0.4648041995436238 0.2500514259080099
 0.247997242424076 0.4964219116522307 0.2555808459236933
 0.6324027229221834 0.3125723390131506 0.05502493806466602
 0.4348319720830773 0.1939465026102379 0.3712215253066848
 0.3946227369791773 0.4760655820439127 0.1293116809769101
 0.3553732694998852 0.4974582727213114 0.1471684577788034
 0.1849129914954331 0.5953864062817208 0.2197006022228462
 0.2416142827914827 0.1946014903076758 0.5637842269008415
 0.4565663080719056 0.2172980768808923 0.326135615047202
 0.2862667418010768 0.3575011299663845 0.3562321282325385
 0.08262803236076445 0.4647423388776419 0.4526296287615937
 0.2535688070256326 0.3737300129240803 0.3727011800502872
 0.4150623481537381 0.3557072353350447 0.2292304165112171
 0.3350102759800068 0.5854177757772031 0.07957194824279021
 0.7297115072364426 0.1468214232797631 0.1234670694837943
 0.03223064161869081 0.3574511963581515 0.6103181620231577
 0.2424170428748951 0.478723885025999 0.2788590720991059
 0.381292752182671 0.3821349409424394 0.2365723068748896
 0.274043414081453 0.0566138569008963 0.6693427290176507
 0.4710616497491293 0.1039835504434574 0.4249547998074132
 0.5844734430493504 0.3121902065143626 0.103336350436287
 0.3527467120865962 0.1518215678775066 0.4954317200358972
 0.5250349189371672 0.4514666238995511 0.02349845716328169
 0.3560423245804492 0.234451814780091 0.4095058606394598
 0.568456623190838 0.1599993203505371 0.2715440564586249
 0.4699136061009695 0.4832200921852846 0.04686630171374586
 0.3760715920770412 0.5676513880142968 0.05627701990866199
 0.06414310345773984 0.4213710790775389 0.5144858174647213
 0.3030282073886825 0.2802071533232171 0.4167646392881005
 0.242176326337707 0.3427676677227461 0.4150560059395469
 0.1954544141844068 0.4473232522327219 0.3572223335828714
 0.1399458742964091 0.4610110069058933 0.3990431187976976
 0.698685971956726 0.002582216201666207 0.2987318118416079
 0.6248231158242004 0.2875880603186973 0.08758882385710225
 0.3228477961077633 0.4642278850256767 0.21292431886656
 0.4763477870478875 0.50064923697995 0.02300297597216254
 0.2542147660653371 0.03174106412403244 0.7140441698106303
 0.4293037599724277 0.2265963062142919 0.3440999338132805
 0.4662882381152177 0.3212682505074914 0.2124435113772909
 0.3955826920463655 0.2896515099699462 0.3147657979836884
 0.006177374735359911 0.2661832749109003 0.7276393503537397
 0.209879166070692 0.3983749420861548 0.3917458918431532
 0.3672577126506449 0.2667143567474686 0.3660279306018866
 0.3488760234004163 0.2886568759318656 0.3624671006677181
 0.1302132507431212 0.4288708468020021 0.4409159024548767
 0.5707231720019181 0.401505821038285 0.02777100695979679
 0.4073425056427767 0.2259924502575281 0.3666650440996951
 0.2028591361851904 0.3873513726501178 0.4097894911646918
 0.3596448591844504 0.1915297857689248 0.4488253550466247
 0.2583068941322877 0.2682242002839577 0.4734689055837547
 0.4156914384365778 0.1119523575043513 0.4723562040590709
 0.06586311387894361 0.2015326185086544 0.7326042676124019
 0.3670330579835553 0.5843243907208621 0.04864255129558262
 0.1433398072982395 0.02557828691185824 0.8310819057899023
 0.4360628479933509 0.1144559526155849 0.4494811993910643
 0.2366918743949213 0.540755692054813 0.2225524335502657
 0.09626283609975296 0.354737630058318 0.5489995338419291
 0.6911636982923487 0.02574240254768703 0.2830938991599644
 0.5203823110724498 0.002173783606062619 0.4774439053214874
 0.3215068367046376 0.2622632409256516 0.4162299223697107
 0.4062098344007845 0.4288322183342337 0.1649579472649818
 0.450726756756492 0.2734876484693567 0.2757855947741513
 0.2707386064434179 0.3287855266194604 0.4004758669371216
 0.2303905392850654 0.02115448189476173 0.7484549788201729
 0.4821271153544467 0.3509003749640947 0.1669725096814585
 0.279037050181825 0.2312944799945958 0.489668469823579
 0.3102048198663801 0.6405384410774219 0.04925673905619801
 0.4264687433130067 0.5569372480495431 0.01659400863745022
 0.1256839544973613 0.5523369004333442 0.3219791450692946
 0.0529885648953612 0.3882308058497448 0.558780629254894
 0.06932111055069555 0.5137818998485216 0.4168969896007828
 0.5049746200358725 0.432817139868137 0.06220824009599057
 0.2094796935128307 0.330186232517947 0.4603340739692223
 0.4355815306433507 0.4374957330441728 0.1269227363124764
 0.3636053037273593 0.237999265030624 0.3983954312420167
 0.3070283813863464 0.3156664237193233 0.3773051948943302
 0.2101109090662727 0.7148376753295985 0.07505141560412874
 0.5483060745090375 0.280178770596401 0.1715151548945616
 0.1821274391015689 0.3850108941738797 0.4328616667245513
 0.04511896347292518 0.5495155133357156 0.4053655231913593
 0.3735617656418567 0.4365902870681734 0.18984794728997
 0.2060347820236108 0.432034514303256 0.3619307036731333
 0.440683159053086 0.2851568850388558 0.2741599559080581
 0.3562244119785789 0.3080308671949744 0.3357447208264467
 0.4941706493515926 0.472676560375745 0.03315279027266234
 0.1560030408338143 0.7856534824253223 0.05834347674086334
 0.4370517239863824 0.09683193010976138 0.4661163459038563
 0.4462777790684829 0.3092777023387814 0.2444445185927357
 0.01924720815172311 0.5460385633973363 0.4347142284509408
 0.3340404018457247 0.3034363099524994 0.3625232882017759
 0.08444367350558118 0.7088529682472422 0.2067033582471766
 0.1964422526821238 0.5712588878444628 0.2322988594734134
 0.3735150737361947 0.3054241893475405 0.3210607369162647
 0.3273850845119044 0.3772606110028429 0.2953543044852528
 0.2606420547172143 0.2554567465738607 0.4839011987089251
 0.4582360468848335 0.2655605325065598 0.2762034206086068
 0.3460797564788579 0.2835849944115193 0.3703352491096228
 0.3520693507223687 0.4988612920343822 0.1490693572432491
 0.2702483790073417 0.6268778808560695 0.1028737401365888
 0.1852041083330921 0.2565538444948285 0.5582420471720794
 0.2396506373781028 0.4375983769731067 0.3227509856487906
 0.4749097181473946 0.1352014550767794 0.3898888267758259
 0.5812868770302285 0.2341507946339543 0.1845623283358172
 0.1205161638508246 0.2536468175831142 0.6258370185660611
 0.2495205310485953 0.2478588382072139 0.5026206307441908
 0.3874323944707211 0.02119633428608748 0.5913712712431914
 0.5455430860101396 0.3475095680216478 0.1069473459682128
 0.2848117552498768 0.333495713125071 0.3816925316250521
 0.4162810657211917 0.5639353948319804 0.01978353944682799
 0.3530916464057712 0.3424376691209807 0.304470684473248
 0.4066117165620657 0.2295363112254336 0.3638519722125006
 0.3493821637151148 0.03937159212493348 0.6112462441599519
 0.3013225470462984 0.320428478932753 0.3782489740209486
 0.09582072754356404 0.491280429498037 0.412898842958399
 0.5255039877561496 0.2209479085664062 0.2535481036774442
 0.4145907319177599 0.3766598326914015 0.2087494353908387
 0.4693476932627322 0.2958122949076036 0.2348400118296643
 0.05211861011604227 0.9290093608609399 0.01887202902301791
 0.3472209494396488 0.2799987316045115 0.3727803189558397
 0.09587481415661608 0.5938179735640714 0.3103072122793125
 0.3886616457325376 0.3527632807580937 0.2585750735093689
 0.3371639729540923 0.1749809735614006 0.487855053484507
 0.1974616042252432 0.2139459263276147 0.5885924694471423
 0.3086681037722441 0.3906605427851428 0.3006713534426131
 0.3832899724021918 0.543288015691427 0.07342201190638116
 0.579039425824029 0.3531553617526421 0.06780521242332899
 0.5464368165663613 0.01763310742025346 0.4359300760133852
 0.4802181760801019 0.08017541041829727 0.4396064135016008
 0.2454945199342408 0.2079863651591895 0.5465191149065697
 0.266506910535197 0.5077132253928544 0.2257798640719487
 0.4280715979708791 0.07298523177260985 0.4989431702565111
 0.3199125397896858 0.06490178435108976 0.6151856758592245
 0.3263871923468347 0.3931640989695228 0.2804487086836424
 0.4483533754594887 0.211202089928521 0.3404445346119903
 0.3561348394582932 0.3039856319432602 0.3398795285984466
 0.4652363830275382 0.4725276206457771 0.06223599632668464
 0.2728557375631674 0.23174282414177 0.4954014382950627
 0.6331056711255109 0.1442814393377387 0.2226128895367504
 0.163242322637924 0.2786659967446862 0.5580916806173898
 0.3253104225090415 0.4963643820428289 0.1783251954481296
 0.2655806248428619 0.3516756235167455 0.3827437516403925
 0.4279378640910449 0.04367527869316082 0.5283868572157943
 0.3033385249558398 0.3911638980942713 0.3054975769498888
 0.4382163739687522 0.5224681779103529 0.03931544812089487
 0.3088897892298414 0.2594646505917665 0.4316455601783921
 0.2559314044647986 0.4921337132523517 0.2519348822828497
 0.2849898336127364 0.3050573288061003 0.4099528375811634
 0.469103379635028 0.0432094941331153 0.4876871262318567
 0.2272874508668025 0.6219255076159876 0.1507870415172098
 0.3925333479925806 0.2392240836204141 0.3682425683870053
 0.5771360274188021 0.194995421808306 0.2278685507728919
 0.2915584747853996 0.2298088957557169 0.4786326294588835
 0.4815789751977344 0.1084183146583017 0.4100027101439638
 0.09779737588443724 0.328287790569992 0.5739148335455708
 0.3280903761919051 0.5905420623804174 0.08136756142767762
 0.5276150815522057 0.4717093901534299 0.0006755282943642839
 0.3609468658560188 0.4393959495747243 0.1996571845692569
 0.4820298464537668 0.4864032530156942 0.03156690053053904
 0.2534887258935576 0.4942126531371864 0.252298620969256
 0.3597578332891594 0.4430450472309337 0.1971971194799069
 0.3982744190422132 0.1172754935216319 0.4844500874361548
 0.3957501110966408 0.2524614983074204 0.3517883905959387
 0.5309036676667962 0.1981234092421019 0.2709729230911019
 0.4728008055039973 0.3899020608249852 0.1372971336710175
 0.4675757806614849 0.3426411048341875 0.1897831145043276
 0.2347311629732541 0.2806676863471401 0.484601150679606
 0.3121636189104588 0.3770313520590201 0.3108050290305213
 0.03907024262465373 0.5278721650755283 0.4330575922998181
 0.2892996232092616 0.07953500139961797 0.6311653753911204
 0.697488323959074 0.006696201958732825 0.2958154740821932
 0.4038722779878614 0.1201048631682366 0.4760228588439021
 0.1726265651056351 0.2271344819316045 0.6002389529627604
 0.3811039156941557 0.3495247641628336 0.2693713201430106
 0.2000940141897665 0.5925539257289377 0.2073520600812958
 0.2550858831930409 0.3255869281628245 0.4193271886441347
 0.1695504752950458 0.2961667774933058 0.5342827472116484
 0.6700483565518526 0.03548926558355409 0.2944623778645933
 0.3882302553696196 0.4317303215207121 0.1800394231096683
 0.2947458659425185 0.4597838736039714 0.24547026045351
 0.3416143612296419 0.3419305171825657 0.3164551215877923
 0.5216859154137956 0.2591597646204423 0.2191543199657621
 0.7185336450352487 0.1942743921512727 0.08719196281347867
 0.4564622697932691 0.3029437169529197 0.2405940132538112
 0.3751664247260555 0.03764422813991887 0.5871893471340256
 0.1888145964732233 0.1624037693044202 0.6487816342223566
 0.3515655985568654 0.355068258637717 0.2933661428054177
 0.02281148877653335 0.2906441972082094 0.6865443140152573
 0.1595882766249923 0.4563307193115471 0.3840810040634607
 0.4577590929062221 0.2199424347995808 0.3222984722941971
 0.01389036417632762 0.4367760128771072 0.5493336229465653
 0.4533654508277224 0.2979889155765164 0.2486456335957612
 0.1620497055746599 0.4786493392245895 0.3593009552007506
 0.02540596926684969 0.4576959605057278 0.5168980702274226
 0.5321139414995918 0.117124355041152 0.3507617034592563
 0.1517306777000672 0.3034758499007754 0.5447934723991573
 0.6190004436166759 0.1228709389292642 0.25812861745406
 0.3987726166344124 0.4860895895305397 0.1151377938350479
 0.6776778156179395 0.224003518482619 0.09831866589944138
 0.3863256618067649 0.3892285358612125 0.2244458023320227
 0.7492056036447868 0.03195146781704075 0.2188429285381725
 0.4859853464430655 0.01382121218350803 0.5001934413734265
 0.07603331664855574 0.435479262317397 0.4884874210340472
