# Created by Octave 4.2.0-rc2, Sun Feb 19 22:32:19 2017 CST <ljm@liujianmeitekiMacBook-Air.local>
# name: yourPredictions
# type: matrix
# rows: 90
# columns: 1
 2
 2
 2
 2
 2
 2
 1
 2
 2
 2
 1
 1
 2
 1
 1
 1
 2
 1
 2
 2
 2
 2
 2
 2
 1
 2
 2
 1
 2
 1
 1
 1
 2
 1
 2
 2
 2
 1
 1
 1
 2
 2
 2
 2
 2
 1
 2
 1
 2
 2
 1
 2
 2
 2
 2
 1
 2
 2
 2
 2
 2
 2
 1
 1
 1
 2
 2
 2
 2
 2
 2
 1
 2
 1
 2
 2
 1
 2
 2
 2
 1
 1
 1
 2
 2
 2
 2
 2
 1
 2


